6.5067	3.1633
8.7400	2.2333
10.3700	1.6300
11.9300	1.5600
13.3500	1.4200
14.3100	0.9600
15.2467	0.9367
16.1933	0.9467
17.1933	1.0000
18.1167	0.9233
18.9733	0.8567
19.8700	0.8967
20.7867	0.9167
21.7600	0.9733
22.8367	1.0767
23.8867	1.0500
24.8833	0.9967
25.8000	0.9167
26.7633	0.9633
27.7067	0.9433
28.6133	0.9067
29.5533	0.9400
30.4800	0.9267
31.4600	0.9800
32.4200	0.9600
33.3367	0.9167
34.2233	0.8867
35.2167	0.9933
36.2000	0.9833
37.1733	0.9733
38.1500	0.9767
39.1467	0.9967
40.0700	0.9233
40.9867	0.9167
41.8367	0.8500
42.6933	0.8567
43.6333	0.9400
44.5233	0.8900
45.4000	0.8767
46.2433	0.8433
47.1300	0.8867
48.0833	0.9533
48.9933	0.9100
49.8600	0.8667
50.8600	1.0000
51.7400	0.8800
52.6567	0.9167
53.5933	0.9367
54.5100	0.9167
55.3600	0.8500
56.2233	0.8633
57.1233	0.9000
58.0567	0.9333
58.9967	0.9400
59.8533	0.8567
60.7500	0.8967
61.6233	0.8733
62.4800	0.8567
63.3667	0.8867
64.2500	0.8833
65.1467	0.8967
66.0400	0.8933
66.9333	0.8933
67.8600	0.9267
68.7600	0.9000
69.6500	0.8900
70.5400	0.8900
71.4700	0.9300
72.3733	0.9033
73.4400	1.0667
74.4600	1.0200
75.6400	1.1800
76.6867	1.0467
77.5800	0.8933
78.4700	0.8900
79.3100	0.8400
80.1533	0.8433
81.1767	1.0233
82.1767	1.0000
83.1300	0.9533
84.1167	0.9867
85.1067	0.9900
85.9133	0.8067
86.8067	0.8933
87.7867	0.9800
88.7333	0.9467
89.6633	0.9300
90.6500	0.9867
91.5700	0.9200
92.5167	0.9467
93.3967	0.8800
94.3633	0.9667
95.3067	0.9433
96.0967	0.7900
96.9067	0.8100
97.6933	0.7867
98.5833	0.8900
99.5000	0.9167
100.3967	0.8967
101.3167	0.9200
102.1933	0.8767
103.0967	0.9033
104.0500	0.9533
105.1567	1.1067
106.1367	0.9800
107.1633	1.0267
108.3700	1.2067
109.4400	1.0700
110.4033	0.9633
111.2667	0.8633
112.2667	1.0000
113.2300	0.9633
114.2033	0.9733
115.1633	0.9600
116.0800	0.9167
117.0400	0.9600
117.9967	0.9567
118.8967	0.9000
119.9167	1.0200
121.0300	1.1133
122.1100	1.0800
123.0667	0.9567
124.0100	0.9433
124.9500	0.9400
125.8100	0.8600
126.7033	0.8933
127.5933	0.8900
128.5967	1.0033
129.5633	0.9667
130.5233	0.9600
131.4300	0.9067
132.3133	0.8833
133.2167	0.9033
134.0900	0.8733
134.9300	0.8400
135.7767	0.8467
136.6900	0.9133
137.6100	0.9200
138.4600	0.8500
139.3267	0.8667
140.2633	0.9367
141.1800	0.9167
142.1100	0.9300
142.9967	0.8867
143.8567	0.8600
144.6900	0.8333
145.4967	0.8067
146.3567	0.8600
147.2367	0.8800
148.1367	0.9000
149.0300	0.8933
149.8500	0.8200
150.7333	0.8833
151.5700	0.8367
152.4367	0.8667
153.2900	0.8533
154.1233	0.8333
154.9767	0.8533
155.9367	0.9600
156.8333	0.8967
157.7533	0.9200
158.7333	0.9800
159.6967	0.9633
160.6733	0.9767
161.6633	0.9900
162.5567	0.8933
163.4600	0.9033
164.3700	0.9100
165.2433	0.8733
166.1767	0.9333
167.0700	0.8933
167.9300	0.8600
168.8167	0.8867
169.6033	0.7867
170.4600	0.8567
171.2800	0.8200
172.1067	0.8267
172.9800	0.8733
173.8633	0.8833
174.7567	0.8933
175.6633	0.9067
176.5767	0.9133
177.4800	0.9033
178.3600	0.8800
179.2100	0.8500
180.0500	0.8400
180.9500	0.9000
181.8833	0.9333
182.8033	0.9200
183.7267	0.9233
184.5833	0.8567
185.4267	0.8433
186.2967	0.8700
187.1433	0.8467
188.0200	0.8767
188.8833	0.8633
189.7700	0.8867
190.6500	0.8800
191.4867	0.8367
192.3833	0.8967
193.3000	0.9167
194.2233	0.9233
195.0900	0.8667
195.9433	0.8533
196.7300	0.7867
197.5367	0.8067
198.3567	0.8200
199.2467	0.8900
200.1233	0.8767
201.0033	0.8800
201.8800	0.8767
202.7600	0.8800
203.5933	0.8333
204.4600	0.8667
205.3467	0.8867
206.2533	0.9067
207.1533	0.9000
208.0300	0.8767
208.8867	0.8567
209.7567	0.8700
210.5933	0.8367
211.4833	0.8900
212.4033	0.9200
213.4200	1.0167
214.3567	0.9367
215.3500	0.9933
216.2133	0.8633
217.0967	0.8833
217.9967	0.9000
218.8400	0.8433
219.6733	0.8333
220.4900	0.8167
221.3600	0.8700
222.2767	0.9167
223.1933	0.9167
224.1467	0.9533
225.1233	0.9767
226.0867	0.9633
227.1133	1.0267
228.1500	1.0367
229.1100	0.9600
230.0767	0.9667
231.0300	0.9533
231.9500	0.9200
232.8400	0.8900
233.7500	0.9100
234.6500	0.9000
235.5300	0.8800
236.4033	0.8733
237.2800	0.8767
238.2233	0.9433
239.1200	0.8967
240.1000	0.9800
240.9833	0.8833
241.9800	0.9967
242.9567	0.9767
244.0133	1.0567
245.0633	1.0500
246.0133	0.9500
246.9967	0.9833
247.9133	0.9167
248.7600	0.8467
249.5733	0.8133
250.4967	0.9233
251.4533	0.9567
252.3100	0.8567
253.1567	0.8467
254.0200	0.8633
254.8800	0.8600
255.8000	0.9200
256.6700	0.8700
257.6267	0.9567
258.5967	0.9700
259.5567	0.9600
260.5167	0.9600
261.3633	0.8467
262.2900	0.9267
263.1767	0.8867
264.0767	0.9000
264.9900	0.9133
265.8967	0.9067
266.7833	0.8867
267.6467	0.8633
268.5233	0.8767
269.4200	0.8967
270.2800	0.8600
271.1467	0.8667
272.0400	0.8933
272.9167	0.8767
273.7800	0.8633
274.6567	0.8767
275.5267	0.8700
276.4000	0.8733
277.2500	0.8500
278.1067	0.8567
279.0267	0.9200
279.9100	0.8833
280.7433	0.8333
281.6100	0.8667
282.4467	0.8367
283.2933	0.8467
284.1233	0.8300
284.9133	0.7900
285.7233	0.8100
286.5867	0.8633
287.4600	0.8733
288.3500	0.8900
289.2300	0.8800
290.1367	0.9067
290.9433	0.8067
291.8033	0.8600
292.8700	1.0667
293.8400	0.9700
294.7567	0.9167
295.6867	0.9300
296.5400	0.8533
297.4233	0.8833
298.2767	0.8533
299.1500	0.8733
299.9500	0.8000
300.8333	0.8833
301.6600	0.8267
302.5667	0.9067
303.4867	0.9200
304.4367	0.9500
305.3833	0.9467
306.3500	0.9667
307.2833	0.9333
308.1033	0.8200
308.9300	0.8267
309.8100	0.8800
310.6967	0.8867
311.5433	0.8467
312.4500	0.9067
313.3533	0.9033
314.2233	0.8700
315.1000	0.8767
315.9600	0.8600
316.9200	0.9600
317.8733	0.9533
318.8033	0.9300
319.8400	1.0367
320.8700	1.0300
321.9233	1.0533
322.9567	1.0333
323.9200	0.9633
324.7933	0.8733
325.8167	1.0233
326.8133	0.9967
327.9300	1.1167
328.9900	1.0600
330.0300	1.0400
330.9633	0.9333
331.8567	0.8933
332.7567	0.9000
333.8233	1.0667
334.7700	0.9467
335.6867	0.9167
336.5733	0.8867
337.4900	0.9167
338.3800	0.8900
339.2667	0.8867
340.1533	0.8867
341.0200	0.8667
341.9833	0.9633
342.8400	0.8567
343.7000	0.8600
344.5700	0.8700
345.4000	0.8300
346.2600	0.8600
347.0467	0.7867
347.8933	0.8467
348.7467	0.8533
349.5500	0.8033
350.3700	0.8200
351.1900	0.8200
351.9700	0.7800
352.8100	0.8400
353.6767	0.8667
354.5300	0.8533
355.3767	0.8467
356.2300	0.8533
357.0667	0.8367
357.8800	0.8133
358.7633	0.8833
359.6567	0.8933
360.4733	0.8167
361.3733	0.9000
362.3100	0.9367
363.2500	0.9400
364.1267	0.8767
364.9933	0.8667
365.8300	0.8367
366.6833	0.8533
367.4700	0.7867
368.3833	0.9133
369.2767	0.8933
370.1367	0.8600
371.1233	0.9867
371.9067	0.7833
372.8500	0.9433
373.9133	1.0633
374.9133	1.0000
375.9167	1.0033
377.1700	1.2533
378.2167	1.0467
379.1400	0.9233
380.1700	1.0300
381.1533	0.9833
382.1367	0.9833
383.1333	0.9967
384.3100	1.1767
385.3800	1.0700
386.3000	0.9200
387.3700	1.0700
388.2633	0.8933
389.2233	0.9600
390.1367	0.9133
391.1100	0.9733
391.9700	0.8600
392.9200	0.9500
393.8100	0.8900
394.7700	0.9600
395.7167	0.9467
396.6133	0.8967
397.5000	0.8867
398.4067	0.9067
399.3800	0.9733
400.3867	1.0067
401.3467	0.9600
402.3033	0.9567
403.2200	0.9167
404.1467	0.9267
405.0600	0.9133
405.9733	0.9133
406.8133	0.8400
407.6567	0.8433
408.5500	0.8933
409.4000	0.8500
410.2433	0.8433
411.0700	0.8267
411.8833	0.8133
412.7300	0.8467
413.6033	0.8733
414.4600	0.8567
415.3633	0.9033
416.2367	0.8733
417.0300	0.7933
417.8767	0.8467
418.7133	0.8367
419.5367	0.8233
420.3667	0.8300
421.2100	0.8433
422.0633	0.8533
422.9133	0.8500
423.7267	0.8133
424.5633	0.8367
425.4167	0.8533
426.2867	0.8700
427.1067	0.8200
427.9167	0.8100
428.7533	0.8367
429.5933	0.8400
430.4533	0.8600
431.3467	0.8933
432.1800	0.8333
433.0367	0.8567
433.8833	0.8467
434.7333	0.8500
435.5633	0.8300
436.4133	0.8500
437.2733	0.8600
438.1000	0.8267
438.9767	0.8767
439.8400	0.8633
440.7033	0.8633
441.5367	0.8333
442.3867	0.8500
443.2133	0.8267
444.0833	0.8700
444.9033	0.8200
445.7700	0.8667
446.6433	0.8733
447.5133	0.8700
448.3967	0.8833
449.2500	0.8533
450.1233	0.8733
451.0633	0.9400
451.9300	0.8667
452.8067	0.8767
453.6833	0.8767
454.5500	0.8667
455.4433	0.8933
456.2500	0.8067
457.0533	0.8033
457.8833	0.8300
458.7433	0.8600
459.6100	0.8667
460.5067	0.8967
461.4667	0.9600
462.3867	0.9200
463.2167	0.8300
464.0900	0.8733
465.0367	0.9467
465.9167	0.8800
466.8800	0.9633
467.8967	1.0167
468.8300	0.9333
469.8567	1.0267
470.8800	1.0233
471.9167	1.0367
472.9267	1.0100
473.9633	1.0367
474.9467	0.9833
475.8767	0.9300
476.8167	0.9400
477.7667	0.9500
478.7633	0.9967
479.7800	1.0167
