5.5967	0.8800
6.5033	0.9067
7.3367	0.8333
8.1600	0.8233
9.0400	0.8800
9.8700	0.8300
10.8033	0.9333
11.7900	0.9867
12.7400	0.9500
13.5400	0.8000
14.4067	0.8667
15.2300	0.8233
16.0567	0.8267
16.8900	0.8333
17.7567	0.8667
18.6067	0.8500
19.5100	0.9033
20.4000	0.8900
21.2800	0.8800
22.1300	0.8500
23.0267	0.8967
23.9367	0.9100
24.8333	0.8967
25.7000	0.8667
26.5633	0.8633
27.4300	0.8667
28.2900	0.8600
29.1767	0.8867
30.0333	0.8567
30.9167	0.8833
31.7800	0.8633
32.6633	0.8833
33.5333	0.8700
34.4133	0.8800
35.3100	0.8967
36.2100	0.9000
37.1033	0.8933
38.0433	0.9400
38.9400	0.8967
39.7833	0.8433
40.7300	0.9467
41.5733	0.8433
42.4633	0.8900
43.3767	0.9133
44.2667	0.8900
45.1533	0.8867
45.9733	0.8200
46.8900	0.9167
47.7933	0.9033
48.7433	0.9500
49.6700	0.9267
50.6000	0.9300
51.5633	0.9633
52.5267	0.9633
53.4233	0.8967
54.3167	0.8933
55.2067	0.8900
56.0300	0.8233
56.9033	0.8733
57.7000	0.7967
58.5533	0.8533
59.4567	0.9033
60.3367	0.8800
61.2067	0.8700
62.1167	0.9100
62.9500	0.8333
63.7833	0.8333
64.6567	0.8733
65.5567	0.9000
66.4400	0.8833
67.3033	0.8633
68.1533	0.8500
69.0167	0.8633
69.9067	0.8900
70.7933	0.8867
71.6600	0.8667
72.5533	0.8933
73.4600	0.9067
74.3833	0.9233
75.3200	0.9367
76.2200	0.9000
77.1400	0.9200
78.0567	0.9167
78.9600	0.9033
79.9000	0.9400
80.8533	0.9533
81.5600	0.7067
84.8433	3.2833
85.7400	0.8967
86.5200	0.7800
87.3733	0.8533
88.1967	0.8233
88.9967	0.8000
89.8000	0.8033
90.6067	0.8067
91.3367	0.7300
92.1800	0.8433
93.0033	0.8233
93.8533	0.8500
94.7033	0.8500
95.5567	0.8533
96.4000	0.8433
97.2267	0.8267
98.0833	0.8567
98.9467	0.8633
99.7567	0.8100
100.5767	0.8200
101.3633	0.7867
102.1433	0.7800
102.9067	0.7633
103.7467	0.8400
104.6200	0.8733
105.4967	0.8767
106.3567	0.8600
107.4733	1.1167
108.5167	1.0433
109.3433	0.8267
110.1600	0.8167
111.0033	0.8433
111.8600	0.8567
112.7067	0.8467
113.5300	0.8233
114.3867	0.8567
115.2567	0.8700
116.1833	0.9267
117.0867	0.9033
117.9867	0.9000
118.8633	0.8767
119.7600	0.8967
120.7500	0.9900
121.7667	1.0167
122.6933	0.9267
123.4700	0.7767
124.4300	0.9600
125.3267	0.8967
126.1733	0.8467
127.0267	0.8533
127.9033	0.8767
128.7267	0.8233
129.4933	0.7667
130.3633	0.8700
131.2500	0.8867
132.1433	0.8933
133.0000	0.8567
133.8300	0.8300
134.6467	0.8167
135.4700	0.8233
136.2867	0.8167
137.1067	0.8200
137.9300	0.8233
138.7567	0.8267
139.6067	0.8500
140.4467	0.8400
141.2467	0.8000
142.0867	0.8400
142.9400	0.8533
143.7967	0.8567
144.6633	0.8667
145.5600	0.8967
146.4367	0.8767
147.3233	0.8867
148.1667	0.8433
149.1000	0.9333
150.0100	0.9100
150.9367	0.9267
151.7933	0.8567
152.6400	0.8467
153.4467	0.8067
154.2567	0.8100
155.0733	0.8167
155.9400	0.8667
156.8300	0.8900
157.6700	0.8400
158.4600	0.7900
159.2600	0.8000
160.1367	0.8767
160.9833	0.8467
161.8167	0.8333
162.6333	0.8167
163.5533	0.9200
164.4967	0.9433
165.4033	0.9067
166.3100	0.9067
167.2233	0.9133
168.0467	0.8233
168.9067	0.8600
169.7633	0.8567
170.6500	0.8867
171.5133	0.8633
172.3967	0.8833
173.2767	0.8800
174.2767	1.0000
175.1267	0.8500
175.9433	0.8167
176.7567	0.8133
177.5833	0.8267
178.4167	0.8333
179.2233	0.8067
180.0800	0.8567
180.9100	0.8300
181.7467	0.8367
182.6200	0.8733
183.4333	0.8133
184.2867	0.8533
185.1433	0.8567
186.0467	0.9033
186.9933	0.9467
187.9067	0.9133
188.7933	0.8867
189.5967	0.8033
190.4367	0.8400
191.2567	0.8200
192.0800	0.8233
192.9033	0.8233
193.7400	0.8367
194.6167	0.8767
195.4667	0.8500
196.3433	0.8767
197.2267	0.8833
198.0833	0.8567
198.9767	0.8933
199.8900	0.9133
200.7567	0.8667
201.6867	0.9300
202.5500	0.8633
203.4000	0.8500
204.2833	0.8833
205.1400	0.8567
205.9733	0.8333
206.8500	0.8767
207.7067	0.8567
208.5200	0.8133
209.3500	0.8300
210.2500	0.9000
211.1333	0.8833
212.0033	0.8700
212.8600	0.8567
213.7233	0.8633
214.5633	0.8400
215.4400	0.8767
216.3233	0.8833
217.1833	0.8600
218.0467	0.8633
218.8967	0.8500
219.7600	0.8633
220.6300	0.8700
221.4867	0.8567
222.3533	0.8667
223.1967	0.8433
223.9967	0.8000
224.8167	0.8200
225.6333	0.8167
226.4500	0.8167
227.2833	0.8333
228.1100	0.8267
228.9967	0.8867
229.8900	0.8933
230.8000	0.9100
231.7033	0.9033
232.5867	0.8833
233.5033	0.9167
234.4333	0.9300
235.3333	0.9000
236.2433	0.9100
237.1900	0.9467
238.1167	0.9267
238.9833	0.8667
239.9300	0.9467
240.9167	0.9867
241.9167	1.0000
242.8733	0.9567
243.8700	0.9967
244.8000	0.9300
245.6467	0.8467
246.5167	0.8700
247.3700	0.8533
248.2367	0.8667
249.1133	0.8767
249.9633	0.8500
250.7700	0.8067
251.6100	0.8400
252.4633	0.8533
253.3300	0.8667
254.1833	0.8533
255.0633	0.8800
255.9233	0.8600
256.7733	0.8500
257.6033	0.8300
258.3967	0.7933
259.2133	0.8167
260.0600	0.8467
260.9433	0.8833
261.7900	0.8467
262.6800	0.8900
263.6100	0.9300
264.5433	0.9333
265.5200	0.9767
266.3967	0.8767
267.2500	0.8533
268.1100	0.8600
268.9533	0.8433
269.8000	0.8467
270.6700	0.8700
271.5233	0.8533
272.3833	0.8600
273.2033	0.8200
274.0167	0.8133
274.8633	0.8467
275.7367	0.8733
276.4700	0.7333
277.2700	0.8000
278.1000	0.8300
278.9400	0.8400
279.7800	0.8400
280.6300	0.8500
281.4367	0.8067
282.2800	0.8433
283.1400	0.8600
284.0033	0.8633
284.8833	0.8800
285.7467	0.8633
286.6233	0.8767
287.4267	0.8033
288.2233	0.7967
289.0233	0.8000
289.8500	0.8267
290.6967	0.8467
291.5200	0.8233
292.3833	0.8633
293.2400	0.8567
294.1000	0.8600
294.9467	0.8467
295.8600	0.9133
296.7467	0.8867
297.6033	0.8567
298.4800	0.8767
299.3833	0.9033
300.2633	0.8800
301.1100	0.8467
301.9833	0.8733
302.8700	0.8867
303.7100	0.8400
304.5300	0.8200
305.3033	0.7733
306.1200	0.8167
306.9367	0.8167
307.7900	0.8533
308.6567	0.8667
309.5467	0.8900
310.4033	0.8567
311.2933	0.8900
312.1967	0.9033
313.1100	0.9133
313.9600	0.8500
314.8267	0.8667
315.6667	0.8400
316.5267	0.8600
317.3567	0.8300
318.2300	0.8733
319.1100	0.8800
319.9133	0.8033
320.7233	0.8100
321.5300	0.8067
322.3433	0.8133
323.1567	0.8133
323.9700	0.8133
324.8167	0.8467
325.6233	0.8067
326.4667	0.8433
327.2933	0.8267
328.1200	0.8267
328.9600	0.8400
329.8067	0.8467
330.5967	0.7900
331.4467	0.8500
332.3267	0.8800
333.2100	0.8833
334.1033	0.8933
334.9800	0.8767
335.8767	0.8967
336.7767	0.9000
337.6933	0.9167
338.5900	0.8967
339.5400	0.9500
340.4400	0.9000
341.3000	0.8600
342.2000	0.9000
343.0567	0.8567
343.9633	0.9067
344.8767	0.9133
345.8133	0.9367
346.7400	0.9267
347.6233	0.8833
348.5900	0.9667
349.5000	0.9100
350.4400	0.9400
351.3200	0.8800
352.3067	0.9867
353.2733	0.9667
354.2700	0.9967
355.2100	0.9400
356.0767	0.8667
356.8633	0.7867
357.6467	0.7833
358.5067	0.8600
359.3467	0.8400
360.1700	0.8233
361.0167	0.8467
361.8433	0.8267
362.6833	0.8400
363.5567	0.8733
364.4533	0.8967
365.3800	0.9267
366.2800	0.9000
367.2567	0.9767
368.1000	0.8433
368.9900	0.8900
369.9000	0.9100
370.8300	0.9300
371.7267	0.8967
372.6133	0.8867
373.5433	0.9300
374.5833	1.0400
375.5267	0.9433
376.4800	0.9533
377.4933	1.0133
378.4100	0.9167
379.3300	0.9200
380.1567	0.8267
381.0100	0.8533
381.8467	0.8367
382.7200	0.8733
383.5833	0.8633
384.4333	0.8500
385.2433	0.8100
386.0200	0.7767
386.7733	0.7533
387.5833	0.8100
388.4033	0.8200
389.2033	0.8000
390.0400	0.8367
390.8967	0.8567
391.7467	0.8500
392.6200	0.8733
393.4833	0.8633
394.3700	0.8867
395.2667	0.8967
396.1433	0.8767
397.0233	0.8800
397.9367	0.9133
398.8600	0.9233
399.8267	0.9667
400.7633	0.9367
401.7233	0.9600
402.6500	0.9267
403.5500	0.9000
404.5267	0.9767
405.4433	0.9167
406.3900	0.9467
407.3433	0.9533
408.2633	0.9200
409.2400	0.9767
410.1833	0.9433
411.1400	0.9567
412.0933	0.9533
412.9700	0.8767
413.8900	0.9200
414.7833	0.8933
415.7067	0.9233
416.6733	0.9667
417.5600	0.8867
418.4800	0.9200
419.3967	0.9167
420.2767	0.8800
421.1700	0.8933
422.0633	0.8933
422.9967	0.9333
423.9067	0.9100
424.8100	0.9033
425.6800	0.8700
426.5867	0.9067
427.4767	0.8900
428.3333	0.8567
429.1267	0.7933
429.9233	0.7967
430.7400	0.8167
431.6633	0.9233
432.5667	0.9033
433.4433	0.8767
434.2767	0.8333
435.1267	0.8500
436.0200	0.8933
436.9200	0.9000
437.8267	0.9067
438.7067	0.8800
439.5800	0.8733
440.4667	0.8867
441.3667	0.9000
442.2567	0.8900
443.1933	0.9367
444.1200	0.9267
445.0500	0.9300
445.9700	0.9200
446.9433	0.9733
447.9033	0.9600
448.8967	0.9933
449.8933	0.9967
450.8500	0.9567
451.8233	0.9733
452.7800	0.9567
453.7100	0.9300
454.7133	1.0033
455.6767	0.9633
456.5333	0.8567
457.4600	0.9267
458.2067	0.7467
459.0833	0.8767
459.9533	0.8700
460.8367	0.8833
461.6767	0.8400
462.5033	0.8267
463.3233	0.8200
464.1667	0.8433
465.0367	0.8700
465.9433	0.9067
466.8400	0.8967
467.7533	0.9133
468.7333	0.9800
469.5900	0.8567
470.4767	0.8867
471.4100	0.9333
472.3467	0.9367
473.2267	0.8800
474.1533	0.9267
475.0833	0.9300
476.0900	1.0067
476.9767	0.8867
477.8933	0.9167
479.0200	1.1267
